"accuracy","capturedAt","convergenceStatus","latitude","longitude","planterCheckInId","treeUuid"
"4.288","1602111106675","null","47.06806009","-122.93843194","1","null"
"3.216","1602111107558","null","47.06804516","-122.93842724","1","null"
"3.216","1602111108549","null","47.06803822","-122.93842414","1","null"
"3.216","1602111109562","NOT_CONVERGED","47.06803774","-122.93842465","1","2804abbc-cca7-4a33-a184-dab1f9eb8446"
"3.216","1602111110561","NOT_CONVERGED","47.06802936","-122.9384191","1","2804abbc-cca7-4a33-a184-dab1f9eb8446"
"3.216","1602111111551","NOT_CONVERGED","47.06801917","-122.93840432","1","2804abbc-cca7-4a33-a184-dab1f9eb8446"
"3.216","1602111112550","NOT_CONVERGED","47.06802099","-122.93840415","1","2804abbc-cca7-4a33-a184-dab1f9eb8446"
"3.216","1602111113574","CONVERGED","47.06802013","-122.93840089","1","2804abbc-cca7-4a33-a184-dab1f9eb8446"
"3.216","1602111114780","CONVERGED","47.06801851","-122.93839787","1","2804abbc-cca7-4a33-a184-dab1f9eb8446"
"3.216","1602111115539","CONVERGED","47.06801769","-122.93839636","1","2804abbc-cca7-4a33-a184-dab1f9eb8446"
"3.216","1602111116539","CONVERGED","47.06801728","-122.93839561","1","2804abbc-cca7-4a33-a184-dab1f9eb8446"
"3.216","1602111117539","CONVERGED","47.06801771","-122.93839271","1","2804abbc-cca7-4a33-a184-dab1f9eb8446"
"3.216","1602111118532","null","47.06801437","-122.9383872","1","null"
"3.216","1602111119579","null","47.06801321","-122.93838436","1","null"
"3.216","1602111120548","null","47.0680141","-122.93838422","1","null"
"3.216","1602111121534","null","47.06801136","-122.93838304","1","null"
"3.216","1602111122560","null","47.06800252","-122.93838143","1","null"
"3.216","1602111123548","NOT_CONVERGED","47.06799243","-122.9383766","1","39e10c16-a0e6-462b-9856-ca94a11676d5"
"3.216","1602111124558","NOT_CONVERGED","47.06798261","-122.93837329","1","39e10c16-a0e6-462b-9856-ca94a11676d5"
"3.216","1602111125538","NOT_CONVERGED","47.06798314","-122.93837851","1","39e10c16-a0e6-462b-9856-ca94a11676d5"
"3.216","1602111126547","NOT_CONVERGED","47.06798198","-122.9383827","1","39e10c16-a0e6-462b-9856-ca94a11676d5"
"3.216","1602111127555","CONVERGED","47.06798509","-122.9383883","1","39e10c16-a0e6-462b-9856-ca94a11676d5"
"3.216","1602111128528","CONVERGED","47.06798866","-122.93839133","1","39e10c16-a0e6-462b-9856-ca94a11676d5"
"3.216","1602111129534","CONVERGED","47.06799046","-122.93839284","1","39e10c16-a0e6-462b-9856-ca94a11676d5"
"3.216","1602111130622","null","47.06799146","-122.93839358","1","null"
"3.216","1602111131533","null","47.06799207","-122.93839395","1","null"
"3.216","1602111132555","null","47.06799247","-122.93839407","1","null"
"3.216","1602111133551","null","47.06798951","-122.9383964","1","null"
"3.216","1602111134561","null","47.06798093","-122.93839363","1","null"
"3.216","1602111135538","NOT_CONVERGED","47.06797332","-122.93839029","1","5dc1c737-2516-4b45-8df8-2282ad772c71"
"3.216","1602111136545","NOT_CONVERGED","47.06796821","-122.9383876","1","5dc1c737-2516-4b45-8df8-2282ad772c71"
"3.216","1602111137537","NOT_CONVERGED","47.06796597","-122.93838465","1","5dc1c737-2516-4b45-8df8-2282ad772c71"
"3.216","1602111138544","NOT_CONVERGED","47.06796134","-122.93838357","1","5dc1c737-2516-4b45-8df8-2282ad772c71"
"3.216","1602111139552","CONVERGED","47.06795885","-122.93838422","1","5dc1c737-2516-4b45-8df8-2282ad772c71"
"3.216","1602111140548","CONVERGED","47.0679587","-122.93838172","1","5dc1c737-2516-4b45-8df8-2282ad772c71"
"3.216","1602111141543","CONVERGED","47.06795999","-122.93837933","1","5dc1c737-2516-4b45-8df8-2282ad772c71"
"3.216","1602111142546","null","47.06796069","-122.93837805","1","null"
"3.216","1602111143560","null","47.06796109","-122.93837731","1","null"
"3.216","1602111144561","null","47.06796133","-122.93837683","1","null"
"3.216","1602111145572","null","47.06796027","-122.93838084","1","null"
"3.216","1602111146561","NOT_CONVERGED","47.06795536","-122.93838402","1","0bae0598-4f6f-4870-b0e8-76f59deca858"
"3.216","1602111147539","NOT_CONVERGED","47.06794682","-122.93838389","1","0bae0598-4f6f-4870-b0e8-76f59deca858"
"3.216","1602111148533","NOT_CONVERGED","47.06793974","-122.93838457","1","0bae0598-4f6f-4870-b0e8-76f59deca858"
"3.216","1602111149543","NOT_CONVERGED","47.06794369","-122.93837836","1","0bae0598-4f6f-4870-b0e8-76f59deca858"
"3.216","1602111150538","CONVERGED","47.06794265","-122.93837967","1","0bae0598-4f6f-4870-b0e8-76f59deca858"
"3.216","1602111152078","CONVERGED","47.06794785","-122.93837631","1","0bae0598-4f6f-4870-b0e8-76f59deca858"
"3.216","1602111152534","CONVERGED","47.06795058","-122.9383723","1","0bae0598-4f6f-4870-b0e8-76f59deca858"
"3.216","1602111153556","CONVERGED","47.06795195","-122.93837031","1","0bae0598-4f6f-4870-b0e8-76f59deca858"
"3.216","1602111154545","null","47.06795265","-122.93836937","1","null"
"3.216","1602111155560","null","47.067953","-122.93836894","1","null"
"3.216","1602111156553","null","47.0679532","-122.93836872","1","null"
"3.216","1602111157559","null","47.06795331","-122.93836861","1","null"
"3.216","1602111158562","null","47.06794904","-122.93837218","1","null"
"3.216","1602111159537","null","47.06793989","-122.93837678","1","null"
"3.216","1602111160536","NOT_CONVERGED","47.06792957","-122.93837788","1","82968fac-cba2-4c1b-8281-25b5c22f6cb3"
"3.216","1602111161549","NOT_CONVERGED","47.06792073","-122.93837776","1","82968fac-cba2-4c1b-8281-25b5c22f6cb3"
"3.216","1602111162558","NOT_CONVERGED","47.06791685","-122.93837601","1","82968fac-cba2-4c1b-8281-25b5c22f6cb3"
"3.216","1602111163555","NOT_CONVERGED","47.06791572","-122.938377","1","82968fac-cba2-4c1b-8281-25b5c22f6cb3"
"3.216","1602111164558","CONVERGED","47.06791841","-122.9383785","1","82968fac-cba2-4c1b-8281-25b5c22f6cb3"
"3.216","1602111165532","CONVERGED","47.06791825","-122.93837829","1","82968fac-cba2-4c1b-8281-25b5c22f6cb3"
"3.216","1602111166640","null","47.06791822","-122.93837821","1","null"
"3.216","1602111167530","null","47.06791826","-122.93837816","1","null"
"3.216","1602111168560","null","47.06791834","-122.93837811","1","null"
"3.216","1602111169561","null","47.06791841","-122.9383781","1","null"
"3.216","1602111170541","null","47.06791489","-122.93837837","1","null"
"3.216","1602111171546","NOT_CONVERGED","47.06790662","-122.9383795","1","0aec21c3-a897-4e2d-bb82-9cd5c0428686"
"3.216","1602111172548","NOT_CONVERGED","47.06789807","-122.9383814","1","0aec21c3-a897-4e2d-bb82-9cd5c0428686"
"3.216","1602111173552","NOT_CONVERGED","47.06789256","-122.93837954","1","0aec21c3-a897-4e2d-bb82-9cd5c0428686"
"3.216","1602111174552","NOT_CONVERGED","47.06789692","-122.93837309","1","0aec21c3-a897-4e2d-bb82-9cd5c0428686"
"3.216","1602111175551","CONVERGED","47.06790582","-122.93836384","1","0aec21c3-a897-4e2d-bb82-9cd5c0428686"
"3.216","1602111176585","CONVERGED","47.06791544","-122.93836701","1","0aec21c3-a897-4e2d-bb82-9cd5c0428686"
"3.216","1602111177531","CONVERGED","47.06791907","-122.93837126","1","0aec21c3-a897-4e2d-bb82-9cd5c0428686"
"3.216","1602111178532","CONVERGED","47.06792241","-122.93837256","1","0aec21c3-a897-4e2d-bb82-9cd5c0428686"
"3.216","1602111179536","null","47.0679241","-122.93837322","1","null"
"3.216","1602111180720","null","47.06792495","-122.93837354","1","null"
"3.216","1602111181564","null","47.06792473","-122.93837189","1","null"
"3.216","1602111182554","null","47.06792475","-122.93837036","1","null"
"3.216","1602111183535","null","47.06792468","-122.93837013","1","null"
"3.216","1602111184532","null","47.0679246","-122.93837001","1","null"
"3.216","1602111185532","null","47.06792361","-122.93836855","1","null"
"3.216","1602111186533","null","47.06792215","-122.93836805","1","null"
"3.216","1602111187533","null","47.06792162","-122.93836813","1","null"
"3.216","1602111188535","null","47.06792086","-122.93836522","1","null"
"3.216","1602111189557","null","47.06791556","-122.93835694","1","null"
"3.216","1602111190564","null","47.06791236","-122.93834577","1","null"
"3.216","1602111191557","null","47.06791109","-122.93833456","1","null"
"3.216","1602111192565","null","47.06791077","-122.93832214","1","null"
"3.216","1602111193537","null","47.06790703","-122.93831567","1","null"
"3.216","1602111194563","null","47.06790323","-122.93831015","1","null"
"3.216","1602111195564","null","47.06790503","-122.93831673","1","null"
"3.216","1602111196560","null","47.06791267","-122.93833102","1","null"
"3.216","1602111197557","null","47.06791679","-122.9383448","1","null"
"3.216","1602111198538","null","47.0679166","-122.93836018","1","null"
"3.216","1602111199563","null","47.06791346","-122.93837395","1","null"
"3.216","1602111200536","null","47.06791259","-122.93838659","1","null"
"3.216","1602111201554","null","47.06791112","-122.93839394","1","null"
"3.216","1602111202556","NOT_CONVERGED","47.06791183","-122.93839905","1","4ecb00f4-9962-4972-98b1-1a66a299b316"
"3.216","1602111203554","NOT_CONVERGED","47.06791814","-122.93839732","1","4ecb00f4-9962-4972-98b1-1a66a299b316"
"3.216","1602111204560","NOT_CONVERGED","47.06792351","-122.93839532","1","4ecb00f4-9962-4972-98b1-1a66a299b316"
"3.216","1602111205553","NOT_CONVERGED","47.06792523","-122.93838361","1","4ecb00f4-9962-4972-98b1-1a66a299b316"
"3.216","1602111206560","CONVERGED","47.06792418","-122.9383772","1","4ecb00f4-9962-4972-98b1-1a66a299b316"
"3.216","1602111207533","CONVERGED","47.06792366","-122.93837397","1","4ecb00f4-9962-4972-98b1-1a66a299b316"
"3.216","1602111208529","CONVERGED","47.06792341","-122.93837234","1","4ecb00f4-9962-4972-98b1-1a66a299b316"
"3.216","1602111209553","null","47.06792328","-122.93837152","1","null"
"3.216","1602111211012","null","47.06792125","-122.93837211","1","null"
"3.216","1602111211532","null","47.067923","-122.93837577","1","null"
"3.216","1602111212541","null","47.06792757","-122.93838043","1","null"
"3.216","1602111213533","NOT_CONVERGED","47.06793588","-122.93838095","1","06758fc8-6f75-4131-bb81-e2a4907e13ea"
"3.216","1602111214547","NOT_CONVERGED","47.06794354","-122.93837669","1","06758fc8-6f75-4131-bb81-e2a4907e13ea"
"3.216","1602111215538","NOT_CONVERGED","47.0679506","-122.93837197","1","06758fc8-6f75-4131-bb81-e2a4907e13ea"
"3.216","1602111216561","NOT_CONVERGED","47.06795748","-122.93836526","1","06758fc8-6f75-4131-bb81-e2a4907e13ea"
"3.216","1602111217551","CONVERGED","47.06795779","-122.93835764","1","06758fc8-6f75-4131-bb81-e2a4907e13ea"
"3.216","1602111218710","CONVERGED","47.06795771","-122.93835561","1","06758fc8-6f75-4131-bb81-e2a4907e13ea"
"3.216","1602111219531","CONVERGED","47.06795766","-122.93835455","1","06758fc8-6f75-4131-bb81-e2a4907e13ea"
"3.216","1602111220569","CONVERGED","47.06795762","-122.93835404","1","06758fc8-6f75-4131-bb81-e2a4907e13ea"
"3.216","1602111221531","null","47.06795757","-122.93835382","1","null"
"3.216","1602111222550","null","47.06795693","-122.93835578","1","null"
"3.216","1602111223552","null","47.06796009","-122.93835644","1","null"
"3.216","1602111224550","null","47.06796688","-122.93835632","1","null"
"3.216","1602111225566","null","47.06797589","-122.93835557","1","null"
"3.216","1602111226551","null","47.06798493","-122.93835449","1","null"
"3.216","1602111227561","NOT_CONVERGED","47.06798985","-122.93835077","1","5a799c4e-447f-44a2-b34f-a1075ec8fac0"
"3.216","1602111228557","NOT_CONVERGED","47.06798789","-122.93834288","1","5a799c4e-447f-44a2-b34f-a1075ec8fac0"
"3.216","1602111229557","NOT_CONVERGED","47.06797751","-122.93834188","1","5a799c4e-447f-44a2-b34f-a1075ec8fac0"
"3.216","1602111230539","NOT_CONVERGED","47.06797215","-122.93834363","1","5a799c4e-447f-44a2-b34f-a1075ec8fac0"
"3.216","1602111231552","CONVERGED","47.06796962","-122.93834321","1","5a799c4e-447f-44a2-b34f-a1075ec8fac0"
"3.216","1602111232564","CONVERGED","47.06796838","-122.93834302","1","5a799c4e-447f-44a2-b34f-a1075ec8fac0"
"3.216","1602111233534","CONVERGED","47.06796779","-122.9383429","1","5a799c4e-447f-44a2-b34f-a1075ec8fac0"
"3.216","1602111234554","null","47.06796751","-122.9383428","1","null"
"3.216","1602111235547","null","47.06796738","-122.9383427","1","null"
"3.216","1602111236550","null","47.0679682","-122.93834203","1","null"
"3.216","1602111237552","null","47.06797194","-122.9383448","1","null"
"3.216","1602111238546","NOT_CONVERGED","47.06798049","-122.93834814","1","c159ac49-eca2-45f3-be63-d2eb2005b6a8"
"3.216","1602111239548","NOT_CONVERGED","47.0679905","-122.93834621","1","c159ac49-eca2-45f3-be63-d2eb2005b6a8"
"3.216","1602111240553","NOT_CONVERGED","47.06799924","-122.93834426","1","c159ac49-eca2-45f3-be63-d2eb2005b6a8"
"3.216","1602111241550","NOT_CONVERGED","47.06800557","-122.93834446","1","c159ac49-eca2-45f3-be63-d2eb2005b6a8"
"3.216","1602111242555","CONVERGED","47.06800582","-122.93835236","1","c159ac49-eca2-45f3-be63-d2eb2005b6a8"
"3.216","1602111243531","CONVERGED","47.06799874","-122.93835733","1","c159ac49-eca2-45f3-be63-d2eb2005b6a8"
"3.216","1602111244542","CONVERGED","47.06799765","-122.93835652","1","c159ac49-eca2-45f3-be63-d2eb2005b6a8"
"3.216","1602111245545","CONVERGED","47.06799833","-122.9383484","1","c159ac49-eca2-45f3-be63-d2eb2005b6a8"
"3.216","1602111246530","null","47.0679976","-122.93834189","1","null"
"3.216","1602111247555","null","47.06799665","-122.93834085","1","null"
"3.216","1602111248550","null","47.06800005","-122.93833941","1","null"
"3.216","1602111249570","null","47.06800724","-122.93833925","1","null"
"3.216","1602111250555","NOT_CONVERGED","47.06801655","-122.93834064","1","bcb4b931-b065-4e07-9b88-c17c1e69fdd3"
"3.216","1602111251559","NOT_CONVERGED","47.06802333","-122.93834143","1","bcb4b931-b065-4e07-9b88-c17c1e69fdd3"
"3.216","1602111252560","NOT_CONVERGED","47.0680298","-122.93834014","1","bcb4b931-b065-4e07-9b88-c17c1e69fdd3"
"3.216","1602111253533","NOT_CONVERGED","47.06803477","-122.93833397","1","bcb4b931-b065-4e07-9b88-c17c1e69fdd3"
"3.216","1602111254549","CONVERGED","47.06803137","-122.93832771","1","bcb4b931-b065-4e07-9b88-c17c1e69fdd3"
"3.216","1602111255533","CONVERGED","47.068022","-122.93832732","1","bcb4b931-b065-4e07-9b88-c17c1e69fdd3"
"3.216","1602111256535","CONVERGED","47.06801114","-122.93833201","1","bcb4b931-b065-4e07-9b88-c17c1e69fdd3"
"3.216","1602111257542","CONVERGED","47.06800243","-122.93834241","1","bcb4b931-b065-4e07-9b88-c17c1e69fdd3"
"3.216","1602111258550","null","47.06800012","-122.93834701","1","null"
"3.216","1602111259530","null","47.06799897","-122.93834931","1","null"
"3.216","1602111260561","null","47.06799841","-122.93835047","1","null"
"3.216","1602111261535","null","47.0680041","-122.93835335","1","null"
"3.216","1602111262559","NOT_CONVERGED","47.06801334","-122.93835319","1","f27c43da-1220-4e33-9167-8fbc27735c29"
"3.216","1602111263550","NOT_CONVERGED","47.06802287","-122.93835228","1","f27c43da-1220-4e33-9167-8fbc27735c29"
"3.216","1602111264548","NOT_CONVERGED","47.06803208","-122.93835135","1","f27c43da-1220-4e33-9167-8fbc27735c29"
"3.216","1602111265554","NOT_CONVERGED","47.06804071","-122.93835006","1","f27c43da-1220-4e33-9167-8fbc27735c29"
"3.216","1602111266549","NOT_CONVERGED","47.06804","-122.93834863","1","f27c43da-1220-4e33-9167-8fbc27735c29"
"3.216","1602111267561","CONVERGED","47.06803908","-122.93834783","1","f27c43da-1220-4e33-9167-8fbc27735c29"
"3.216","1602111268528","CONVERGED","47.06803867","-122.93834742","1","f27c43da-1220-4e33-9167-8fbc27735c29"
"3.216","1602111269542","CONVERGED","47.0680385","-122.93834722","1","f27c43da-1220-4e33-9167-8fbc27735c29"
"3.216","1602111270532","null","47.06803847","-122.93834713","1","null"
"3.216","1602111271772","null","47.06803848","-122.93834707","1","null"
"3.216","1602111272528","null","47.06804008","-122.93834227","1","null"
"3.216","1602111273538","null","47.06804304","-122.93833305","1","null"
"3.216","1602111274556","null","47.06804427","-122.93832076","1","null"
"3.216","1602111275565","null","47.0680457","-122.93831044","1","null"
"3.216","1602111276559","NOT_CONVERGED","47.06804767","-122.93831362","1","241a3806-a39f-492e-8d21-bfe525f41ef1"
"3.216","1602111277544","NOT_CONVERGED","47.06805069","-122.9383197","1","241a3806-a39f-492e-8d21-bfe525f41ef1"
"3.216","1602111278552","NOT_CONVERGED","47.0680509","-122.93832231","1","241a3806-a39f-492e-8d21-bfe525f41ef1"
"3.216","1602111279548","NOT_CONVERGED","47.06805101","-122.93832359","1","241a3806-a39f-492e-8d21-bfe525f41ef1"
"3.216","1602111280554","CONVERGED","47.06805027","-122.9383229","1","241a3806-a39f-492e-8d21-bfe525f41ef1"
"3.216","1602111281531","CONVERGED","47.06805","-122.9383241","1","241a3806-a39f-492e-8d21-bfe525f41ef1"
"3.216","1602111282544","CONVERGED","47.06804785","-122.93832766","1","241a3806-a39f-492e-8d21-bfe525f41ef1"
"3.216","1602111283547","null","47.06804667","-122.93832947","1","null"
"3.216","1602111285122","null","47.06804608","-122.93833037","1","null"
"3.216","1602111285551","null","47.06804578","-122.93833079","1","null"
"3.216","1602111286552","null","47.06803985","-122.93833353","1","null"
"3.216","1602111287550","null","47.06802932","-122.93833416","1","null"
"3.216","1602111288563","null","47.06801985","-122.93833096","1","null"
"3.216","1602111289543","NOT_CONVERGED","47.06801255","-122.93832903","1","cd7128f9-7cec-41c3-ace1-a58fa81d00af"
"3.216","1602111290543","NOT_CONVERGED","47.06801012","-122.93832936","1","cd7128f9-7cec-41c3-ace1-a58fa81d00af"
"3.216","1602111291543","NOT_CONVERGED","47.06801015","-122.93833232","1","cd7128f9-7cec-41c3-ace1-a58fa81d00af"
"3.216","1602111292546","NOT_CONVERGED","47.06800891","-122.93833724","1","cd7128f9-7cec-41c3-ace1-a58fa81d00af"
"3.216","1602111293545","CONVERGED","47.06800719","-122.93833594","1","cd7128f9-7cec-41c3-ace1-a58fa81d00af"
"3.216","1602111294524","CONVERGED","47.06800876","-122.93833333","1","cd7128f9-7cec-41c3-ace1-a58fa81d00af"
"3.216","1602111295533","CONVERGED","47.06800839","-122.93833439","1","cd7128f9-7cec-41c3-ace1-a58fa81d00af"
"3.216","1602111296652","CONVERGED","47.06800889","-122.93833423","1","cd7128f9-7cec-41c3-ace1-a58fa81d00af"
"3.216","1602111297528","null","47.06800913","-122.9383341","1","null"
"3.216","1602111298891","null","47.06801007","-122.93833071","1","null"
"3.216","1602111299553","null","47.06800797","-122.93833151","1","null"
"3.216","1602111300545","null","47.0679997","-122.93833","1","null"
"3.216","1602111301555","null","47.06799056","-122.93832354","1","null"
"3.216","1602111302543","NOT_CONVERGED","47.06798449","-122.9383165","1","21329149-5361-440a-858a-c3e97e8afe78"
"3.216","1602111303547","NOT_CONVERGED","47.06797831","-122.9383108","1","21329149-5361-440a-858a-c3e97e8afe78"
"3.216","1602111304551","NOT_CONVERGED","47.06797795","-122.93830418","1","21329149-5361-440a-858a-c3e97e8afe78"
"3.216","1602111305544","NOT_CONVERGED","47.06798042","-122.93830276","1","21329149-5361-440a-858a-c3e97e8afe78"
"3.216","1602111306552","CONVERGED","47.06798169","-122.93830204","1","21329149-5361-440a-858a-c3e97e8afe78"
"3.216","1602111307544","CONVERGED","47.06798238","-122.93830167","1","21329149-5361-440a-858a-c3e97e8afe78"
"3.216","1602111308723","null","47.06798275","-122.93830146","1","null"
"3.216","1602111309525","null","47.06798293","-122.93830131","1","null"
"3.216","1602111311053","null","47.06798301","-122.9383012","1","null"
"3.216","1602111311556","null","47.06798305","-122.93830111","1","null"
"3.216","1602111312562","null","47.06798026","-122.93830401","1","null"
"3.216","1602111313567","null","47.06797154","-122.93830677","1","null"
"3.216","1602111314575","null","47.067963","-122.93830931","1","null"
"3.216","1602111315555","NOT_CONVERGED","47.06795705","-122.93830652","1","50ec0a6e-56c3-4bf8-9cbc-d3941783dc86"
"3.216","1602111316560","NOT_CONVERGED","47.06795188","-122.93830228","1","50ec0a6e-56c3-4bf8-9cbc-d3941783dc86"
"3.216","1602111317552","NOT_CONVERGED","47.06794763","-122.93830145","1","50ec0a6e-56c3-4bf8-9cbc-d3941783dc86"
"3.216","1602111318547","NOT_CONVERGED","47.06794513","-122.93830216","1","50ec0a6e-56c3-4bf8-9cbc-d3941783dc86"
"3.216","1602111319560","CONVERGED","47.06794814","-122.93830545","1","50ec0a6e-56c3-4bf8-9cbc-d3941783dc86"
"3.216","1602111320529","CONVERGED","47.06795551","-122.93830405","1","50ec0a6e-56c3-4bf8-9cbc-d3941783dc86"
"3.216","1602111321538","CONVERGED","47.06795722","-122.93830328","1","50ec0a6e-56c3-4bf8-9cbc-d3941783dc86"
"3.216","1602111322536","null","47.06795716","-122.93829973","1","null"
"3.216","1602111323564","null","47.06795756","-122.93829961","1","null"
"3.216","1602111324897","null","47.06795573","-122.93829856","1","null"
"3.216","1602111325552","null","47.06795389","-122.9382975","1","null"
"3.216","1602111326537","null","47.06795047","-122.93830174","1","null"
"3.216","1602111327557","null","47.06794446","-122.93830375","1","null"
"3.216","1602111328557","NOT_CONVERGED","47.06793638","-122.93830111","1","d3b64204-3bdd-4ccf-8bc1-3b333d170242"
"3.216","1602111329542","NOT_CONVERGED","47.06792931","-122.93829855","1","d3b64204-3bdd-4ccf-8bc1-3b333d170242"
"3.216","1602111330545","NOT_CONVERGED","47.06792393","-122.93829518","1","d3b64204-3bdd-4ccf-8bc1-3b333d170242"
"3.216","1602111331534","NOT_CONVERGED","47.06791949","-122.93829463","1","d3b64204-3bdd-4ccf-8bc1-3b333d170242"
"3.216","1602111332560","CONVERGED","47.06791588","-122.93829598","1","d3b64204-3bdd-4ccf-8bc1-3b333d170242"
"3.216","1602111333681","CONVERGED","47.06791332","-122.93829623","1","d3b64204-3bdd-4ccf-8bc1-3b333d170242"
"3.216","1602111334539","CONVERGED","47.0679192","-122.93829009","1","d3b64204-3bdd-4ccf-8bc1-3b333d170242"
"3.216","1602111335533","CONVERGED","47.06792277","-122.93828642","1","d3b64204-3bdd-4ccf-8bc1-3b333d170242"
"3.216","1602111336541","null","47.06792457","-122.9382846","1","null"
"3.216","1602111338554","null","47.0679255","-122.9382837","1","null"
"3.216","1602111338572","null","47.06792597","-122.93828326","1","null"
"3.216","1602111339548","null","47.06792702","-122.93828244","1","null"
"3.216","1602111340529","null","47.06793034","-122.9382787","1","null"
"3.216","1602111341530","null","47.06793222","-122.93827726","1","null"
"3.216","1602111342559","null","47.06793203","-122.93827671","1","null"
"3.216","1602111343558","null","47.0679278","-122.93828169","1","null"
"3.216","1602111344545","null","47.06792034","-122.9382897","1","null"
"3.216","1602111345548","NOT_CONVERGED","47.067914","-122.93829487","1","d536151b-67d2-4e78-a07d-c92fcfaac320"
"3.216","1602111346545","NOT_CONVERGED","47.06791133","-122.93830152","1","d536151b-67d2-4e78-a07d-c92fcfaac320"
"3.216","1602111347550","NOT_CONVERGED","47.06791242","-122.93830256","1","d536151b-67d2-4e78-a07d-c92fcfaac320"
"3.216","1602111348538","NOT_CONVERGED","47.06791159","-122.93830132","1","d536151b-67d2-4e78-a07d-c92fcfaac320"
"3.216","1602111349544","CONVERGED","47.06791261","-122.93830053","1","d536151b-67d2-4e78-a07d-c92fcfaac320"
"3.216","1602111350571","CONVERGED","47.06791156","-122.93830052","1","d536151b-67d2-4e78-a07d-c92fcfaac320"
"3.216","1602111351646","null","47.06791189","-122.93830131","1","null"
"3.216","1602111352528","null","47.06791202","-122.9383017","1","null"
"3.216","1602111353845","null","47.06791205","-122.93830186","1","null"
"3.216","1602111354560","null","47.06791118","-122.93829868","1","null"
"3.216","1602111355558","null","47.06790838","-122.938288","1","null"
"3.216","1602111356558","null","47.06790693","-122.93827292","1","null"
"3.216","1602111357546","NOT_CONVERGED","47.06790689","-122.93826571","1","f0cb50e6-f941-4f74-8880-a7dd219fce47"
"3.216","1602111358561","NOT_CONVERGED","47.06790815","-122.9382639","1","f0cb50e6-f941-4f74-8880-a7dd219fce47"
"3.216","1602111359565","NOT_CONVERGED","47.0679094","-122.93826298","1","f0cb50e6-f941-4f74-8880-a7dd219fce47"
"3.216","1602111360535","NOT_CONVERGED","47.06790989","-122.93826036","1","f0cb50e6-f941-4f74-8880-a7dd219fce47"
"3.216","1602111361550","CONVERGED","47.06790979","-122.93825648","1","f0cb50e6-f941-4f74-8880-a7dd219fce47"
"3.216","1602111362640","CONVERGED","47.06790943","-122.93825409","1","f0cb50e6-f941-4f74-8880-a7dd219fce47"
"3.216","1602111363537","CONVERGED","47.06790926","-122.93825252","1","f0cb50e6-f941-4f74-8880-a7dd219fce47"
"3.216","1602111364536","CONVERGED","47.06791029","-122.93825044","1","f0cb50e6-f941-4f74-8880-a7dd219fce47"
"3.216","1602111365531","CONVERGED","47.06790787","-122.93825488","1","f0cb50e6-f941-4f74-8880-a7dd219fce47"
"3.216","1602111366533","CONVERGED","47.06790155","-122.93827205","1","f0cb50e6-f941-4f74-8880-a7dd219fce47"
"3.216","1602111367535","CONVERGED","47.06789792","-122.93828646","1","f0cb50e6-f941-4f74-8880-a7dd219fce47"
"3.216","1602111368532","CONVERGED","47.06789596","-122.9382947","1","f0cb50e6-f941-4f74-8880-a7dd219fce47"
"3.216","1602111369534","CONVERGED","47.06789436","-122.938303","1","f0cb50e6-f941-4f74-8880-a7dd219fce47"
"3.216","1602111370546","CONVERGED","47.06789432","-122.93830905","1","f0cb50e6-f941-4f74-8880-a7dd219fce47"
"3.216","1602111371541","CONVERGED","47.06789616","-122.93830616","1","f0cb50e6-f941-4f74-8880-a7dd219fce47"
"3.216","1602111372540","CONVERGED","47.06789929","-122.93829426","1","f0cb50e6-f941-4f74-8880-a7dd219fce47"
"3.216","1602111373542","null","47.06790132","-122.9382832","1","null"
"3.216","1602111374658","null","47.0679013","-122.93827692","1","null"
"3.216","1602111375648","null","47.06790237","-122.93827587","1","null"
"3.216","1602111376541","null","47.06790242","-122.93827611","1","null"
"3.216","1602111377559","null","47.0679074","-122.93827398","1","null"
"3.216","1602111378563","null","47.06791315","-122.9382692","1","null"
"3.216","1602111379551","null","47.06791645","-122.93826781","1","null"
"3.216","1602111380554","null","47.06791892","-122.93826654","1","null"
"3.216","1602111381563","null","47.06791958","-122.93826528","1","null"
"3.216","1602111382559","null","47.06791712","-122.93826361","1","null"
"3.216","1602111383555","null","47.0679156","-122.93826223","1","null"
"3.216","1602111384533","NOT_CONVERGED","47.06791355","-122.93826091","1","e6a71f51-72d5-42b7-a627-2a45d2e7f939"
"3.216","1602111385549","NOT_CONVERGED","47.06791209","-122.93825958","1","e6a71f51-72d5-42b7-a627-2a45d2e7f939"
"3.216","1602111386546","NOT_CONVERGED","47.06792036","-122.93826211","1","e6a71f51-72d5-42b7-a627-2a45d2e7f939"
"3.216","1602111387550","NOT_CONVERGED","47.06793113","-122.93826151","1","e6a71f51-72d5-42b7-a627-2a45d2e7f939"
"3.216","1602111388556","CONVERGED","47.0679375","-122.93825866","1","e6a71f51-72d5-42b7-a627-2a45d2e7f939"
"3.216","1602111389560","CONVERGED","47.06793941","-122.9382557","1","e6a71f51-72d5-42b7-a627-2a45d2e7f939"
"3.216","1602111390643","null","47.06793525","-122.93825197","1","null"
"3.216","1602111391536","null","47.0679329","-122.9382503","1","null"
"3.216","1602111392824","null","47.06793173","-122.93824948","1","null"
"3.216","1602111393570","null","47.06793592","-122.93825442","1","null"
"3.216","1602111394561","null","47.06794385","-122.93825818","1","null"
"3.216","1602111395557","NOT_CONVERGED","47.06795255","-122.93826079","1","2579cfed-8bc1-4a02-9ffb-b689d8ec0658"
"3.216","1602111396555","NOT_CONVERGED","47.06795603","-122.93826039","1","2579cfed-8bc1-4a02-9ffb-b689d8ec0658"
"3.216","1602111397541","NOT_CONVERGED","47.06795562","-122.93825902","1","2579cfed-8bc1-4a02-9ffb-b689d8ec0658"
"3.216","1602111398537","NOT_CONVERGED","47.06795304","-122.9382564","1","2579cfed-8bc1-4a02-9ffb-b689d8ec0658"
"3.216","1602111399555","CONVERGED","47.06795172","-122.93825498","1","2579cfed-8bc1-4a02-9ffb-b689d8ec0658"
"3.216","1602111400648","CONVERGED","47.06795104","-122.93825421","1","2579cfed-8bc1-4a02-9ffb-b689d8ec0658"
"3.216","1602111401548","CONVERGED","47.0679507","-122.93825378","1","2579cfed-8bc1-4a02-9ffb-b689d8ec0658"
"3.216","1602111402556","null","47.06795051","-122.93825352","1","null"
"3.216","1602111404518","null","47.06795042","-122.93825338","1","null"
"3.216","1602111404540","null","47.067953","-122.93825419","1","null"
"3.216","1602111405555","null","47.06796205","-122.93825474","1","null"
"3.216","1602111406546","null","47.06797378","-122.93825583","1","null"
"3.216","1602111407561","null","47.06798205","-122.93825539","1","null"
"3.216","1602111408553","null","47.06798461","-122.93825685","1","null"
"3.216","1602111409551","NOT_CONVERGED","47.06798229","-122.93825697","1","40c98dbd-8d92-47b5-ab2b-1ff33a75725a"
"3.216","1602111410544","NOT_CONVERGED","47.0679815","-122.93825855","1","40c98dbd-8d92-47b5-ab2b-1ff33a75725a"
"3.216","1602111411549","NOT_CONVERGED","47.06798181","-122.93825813","1","40c98dbd-8d92-47b5-ab2b-1ff33a75725a"
"3.216","1602111412551","NOT_CONVERGED","47.06798198","-122.93825788","1","40c98dbd-8d92-47b5-ab2b-1ff33a75725a"
"3.216","1602111413556","CONVERGED","47.06798208","-122.93825774","1","40c98dbd-8d92-47b5-ab2b-1ff33a75725a"
"3.216","1602111414537","CONVERGED","47.0679821","-122.93825767","1","40c98dbd-8d92-47b5-ab2b-1ff33a75725a"
"3.216","1602111415535","CONVERGED","47.0679821","-122.93825768","1","40c98dbd-8d92-47b5-ab2b-1ff33a75725a"
"3.216","1602111416535","null","47.06798207","-122.93825771","1","null"
"3.216","1602111418387","null","47.06798201","-122.93825775","1","null"
"3.216","1602111418551","null","47.06798526","-122.93825825","1","null"
"3.216","1602111419534","null","47.06799317","-122.9382578","1","null"
"3.216","1602111420567","null","47.06800141","-122.9382574","1","null"
"3.216","1602111421549","NOT_CONVERGED","47.06800963","-122.93825754","1","a2d679d9-783d-47ea-bae6-e8717e8eccf9"
"3.216","1602111422557","NOT_CONVERGED","47.06801516","-122.93825571","1","a2d679d9-783d-47ea-bae6-e8717e8eccf9"
"3.216","1602111423551","NOT_CONVERGED","47.06801328","-122.93825987","1","a2d679d9-783d-47ea-bae6-e8717e8eccf9"
"3.216","1602111424545","NOT_CONVERGED","47.06801129","-122.93826222","1","a2d679d9-783d-47ea-bae6-e8717e8eccf9"
"3.216","1602111425557","CONVERGED","47.0680086","-122.93826177","1","a2d679d9-783d-47ea-bae6-e8717e8eccf9"
"3.216","1602111426532","CONVERGED","47.06800777","-122.93825961","1","a2d679d9-783d-47ea-bae6-e8717e8eccf9"
"3.216","1602111427646","null","47.06800866","-122.93825812","1","null"
"3.216","1602111428532","null","47.06801013","-122.93825643","1","null"
"3.216","1602111430152","null","47.06801097","-122.93825563","1","null"
"3.216","1602111430557","null","47.06801506","-122.93825877","1","null"
"3.216","1602111431553","null","47.06802329","-122.93826245","1","null"
"3.216","1602111432542","null","47.06803127","-122.93826406","1","null"
"3.216","1602111433550","NOT_CONVERGED","47.06803729","-122.93826399","1","57981630-a470-49f7-94e9-388173e89fe2"
"3.216","1602111434545","NOT_CONVERGED","47.06804262","-122.93826086","1","57981630-a470-49f7-94e9-388173e89fe2"
"3.216","1602111435540","NOT_CONVERGED","47.06804556","-122.93825434","1","57981630-a470-49f7-94e9-388173e89fe2"
"3.216","1602111436539","NOT_CONVERGED","47.06804164","-122.93824983","1","57981630-a470-49f7-94e9-388173e89fe2"
"3.216","1602111437543","CONVERGED","47.06803357","-122.93824676","1","57981630-a470-49f7-94e9-388173e89fe2"
"3.216","1602111438532","CONVERGED","47.06803321","-122.93824299","1","57981630-a470-49f7-94e9-388173e89fe2"
"3.216","1602111439547","CONVERGED","47.06803249","-122.93824177","1","57981630-a470-49f7-94e9-388173e89fe2"
"3.216","1602111440530","null","47.06803328","-122.93824203","1","null"
"3.216","1602111442501","null","47.06803368","-122.93824218","1","null"
"3.216","1602111442535","null","47.06803385","-122.93824226","1","null"
"3.216","1602111443538","null","47.06803399","-122.9382423","1","null"
"3.216","1602111444546","null","47.06803413","-122.93824233","1","null"
"3.216","1602111445544","null","47.06803421","-122.93824232","1","null"
"3.216","1602111446557","null","47.06803428","-122.9382423","1","null"
"3.216","1602111447563","null","47.06803434","-122.93824227","1","null"
"3.216","1602111448558","null","47.06803395","-122.93824281","1","null"
"3.216","1602111449554","null","47.06803221","-122.93824314","1","null"
"3.216","1602111450533","null","47.06802953","-122.93824524","1","null"
"3.216","1602111451552","null","47.0680281","-122.93824646","1","null"
"3.216","1602111452559","null","47.06802737","-122.93824709","1","null"
"3.216","1602111453555","null","47.06802698","-122.93824743","1","null"
"3.216","1602111454559","null","47.06802679","-122.93824762","1","null"
"3.216","1602111455551","null","47.0680267","-122.93824776","1","null"
"3.216","1602111457325","null","47.06802667","-122.93824785","1","null"
"3.216","1602111457553","null","47.06802682","-122.93824859","1","null"
"3.216","1602111458541","null","47.0680265","-122.93824532","1","null"
"3.216","1602111459552","null","47.06802534","-122.93823306","1","null"
"3.216","1602111460550","NOT_CONVERGED","47.06802537","-122.9382201","1","e6677668-c443-4abf-b19f-2711b98a6d43"
"3.216","1602111461538","NOT_CONVERGED","47.0680268","-122.93821529","1","e6677668-c443-4abf-b19f-2711b98a6d43"
"3.216","1602111462550","NOT_CONVERGED","47.06803106","-122.93821186","1","e6677668-c443-4abf-b19f-2711b98a6d43"
"3.216","1602111463552","NOT_CONVERGED","47.06803317","-122.93821061","1","e6677668-c443-4abf-b19f-2711b98a6d43"
"3.216","1602111464537","CONVERGED","47.06803304","-122.93820896","1","e6677668-c443-4abf-b19f-2711b98a6d43"
"3.216","1602111465538","CONVERGED","47.06803257","-122.93820629","1","e6677668-c443-4abf-b19f-2711b98a6d43"
"3.216","1602111466531","CONVERGED","47.0680325","-122.93820552","1","e6677668-c443-4abf-b19f-2711b98a6d43"
"3.216","1602111467540","null","47.06803395","-122.9382051","1","null"
"3.216","1602111469614","null","47.06803249","-122.93820599","1","null"
"3.216","1602111470562","null","47.06802491","-122.93820776","1","null"
"3.216","1602111471567","null","47.06801452","-122.93820934","1","null"
"3.216","1602111472546","NOT_CONVERGED","47.06800724","-122.93820938","1","de645ea8-cf6f-4c6d-8071-0932e6ee2a63"
"3.216","1602111473549","NOT_CONVERGED","47.06800381","-122.93820788","1","de645ea8-cf6f-4c6d-8071-0932e6ee2a63"
"3.216","1602111474551","NOT_CONVERGED","47.06800056","-122.93821085","1","de645ea8-cf6f-4c6d-8071-0932e6ee2a63"
"3.216","1602111475540","NOT_CONVERGED","47.06800365","-122.93820944","1","de645ea8-cf6f-4c6d-8071-0932e6ee2a63"
"3.216","1602111476552","CONVERGED","47.06800916","-122.93820427","1","de645ea8-cf6f-4c6d-8071-0932e6ee2a63"
"3.216","1602111477537","CONVERGED","47.06801258","-122.93820397","1","de645ea8-cf6f-4c6d-8071-0932e6ee2a63"
"3.216","1602111478664","null","47.06801407","-122.93820341","1","null"
"3.216","1602111479528","null","47.06801402","-122.93820185","1","null"
"3.216","1602111481311","null","47.06801399","-122.93820108","1","null"
"3.216","1602111481559","null","47.06801075","-122.93820096","1","null"
"3.216","1602111482547","null","47.06800487","-122.93820093","1","null"
"3.216","1602111483537","NOT_CONVERGED","47.06799646","-122.93820262","1","a8695003-5c45-4182-b453-45c665a4311b"
"3.216","1602111484543","NOT_CONVERGED","47.06798788","-122.93820562","1","a8695003-5c45-4182-b453-45c665a4311b"
"3.216","1602111485538","NOT_CONVERGED","47.06798544","-122.93820678","1","a8695003-5c45-4182-b453-45c665a4311b"
"3.216","1602111486550","NOT_CONVERGED","47.06798562","-122.93820702","1","a8695003-5c45-4182-b453-45c665a4311b"
"3.216","1602111487557","CONVERGED","47.06798567","-122.93820713","1","a8695003-5c45-4182-b453-45c665a4311b"
"3.216","1602111488614","CONVERGED","47.06798567","-122.93820722","1","a8695003-5c45-4182-b453-45c665a4311b"
"3.216","1602111489540","CONVERGED","47.06798564","-122.93820727","1","a8695003-5c45-4182-b453-45c665a4311b"
"3.216","1602111490532","CONVERGED","47.06798558","-122.9382073","1","a8695003-5c45-4182-b453-45c665a4311b"
"3.216","1602111491543","null","47.06798554","-122.93820733","1","null"
"3.216","1602111493366","null","47.06798548","-122.93820734","1","null"
"3.216","1602111493552","null","47.06798298","-122.93820876","1","null"
"3.216","1602111494548","null","47.06797329","-122.93820825","1","null"
"3.216","1602111495556","NOT_CONVERGED","47.06796107","-122.93820802","1","60ba462d-d55f-480a-a64a-fe0e0abc08e8"
"3.216","1602111496543","NOT_CONVERGED","47.06795027","-122.9382084","1","60ba462d-d55f-480a-a64a-fe0e0abc08e8"
"3.216","1602111497568","NOT_CONVERGED","47.06793954","-122.93820968","1","60ba462d-d55f-480a-a64a-fe0e0abc08e8"
"3.216","1602111498540","NOT_CONVERGED","47.06793785","-122.93821309","1","60ba462d-d55f-480a-a64a-fe0e0abc08e8"
"3.216","1602111499550","CONVERGED","47.06794164","-122.93821007","1","60ba462d-d55f-480a-a64a-fe0e0abc08e8"
"3.216","1602111500532","CONVERGED","47.06794233","-122.93821051","1","60ba462d-d55f-480a-a64a-fe0e0abc08e8"
"3.216","1602111501540","CONVERGED","47.06794267","-122.9382107","1","60ba462d-d55f-480a-a64a-fe0e0abc08e8"
"3.216","1602111502543","null","47.06794285","-122.93821077","1","null"
"3.216","1602111504999","null","47.06794297","-122.9382108","1","null"
"3.216","1602111505012","null","47.06794255","-122.93820979","1","null"
"3.216","1602111505536","null","47.06793912","-122.93820964","1","null"
"3.216","1602111506552","null","47.06793217","-122.93820891","1","null"
"3.216","1602111507557","null","47.06792357","-122.93820853","1","null"
"3.216","1602111508556","null","47.06791528","-122.9382057","1","null"
"3.216","1602111509563","null","47.06790759","-122.93819996","1","null"
"3.216","1602111510551","null","47.06790011","-122.93819818","1","null"
"3.216","1602111511559","null","47.06789406","-122.93819403","1","null"
"3.216","1602111512537","NOT_CONVERGED","47.06789616","-122.93818785","1","a3b6e0cb-7825-4e05-b104-ffbb23a1c58b"
"3.216","1602111513553","NOT_CONVERGED","47.06789991","-122.93818441","1","a3b6e0cb-7825-4e05-b104-ffbb23a1c58b"
"3.216","1602111514542","NOT_CONVERGED","47.06790112","-122.93818198","1","a3b6e0cb-7825-4e05-b104-ffbb23a1c58b"
"3.216","1602111515549","NOT_CONVERGED","47.06790075","-122.93818154","1","a3b6e0cb-7825-4e05-b104-ffbb23a1c58b"
"3.216","1602111516554","CONVERGED","47.06790061","-122.93818133","1","a3b6e0cb-7825-4e05-b104-ffbb23a1c58b"
"3.216","1602111517530","CONVERGED","47.06790059","-122.93818124","1","a3b6e0cb-7825-4e05-b104-ffbb23a1c58b"
"3.216","1602111518543","CONVERGED","47.0679006","-122.93818122","1","a3b6e0cb-7825-4e05-b104-ffbb23a1c58b"
"3.216","1602111519538","null","47.0679006","-122.93818121","1","null"
"3.216","1602111521599","null","47.06790076","-122.9381812","1","null"
"3.216","1602111522556","null","47.06789679","-122.93818189","1","null"
"3.216","1602111523569","null","47.06789011","-122.93818337","1","null"
"3.216","1602111524544","NOT_CONVERGED","47.06788189","-122.93818931","1","7c480c5c-f8b8-4543-a263-097471c463f6"
"3.216","1602111525551","NOT_CONVERGED","47.06787423","-122.93819205","1","7c480c5c-f8b8-4543-a263-097471c463f6"
"3.216","1602111526544","NOT_CONVERGED","47.06787378","-122.93819644","1","7c480c5c-f8b8-4543-a263-097471c463f6"
"3.216","1602111527540","NOT_CONVERGED","47.0678747","-122.93819709","1","7c480c5c-f8b8-4543-a263-097471c463f6"
"3.216","1602111528553","CONVERGED","47.06787589","-122.93819638","1","7c480c5c-f8b8-4543-a263-097471c463f6"
"3.216","1602111529543","CONVERGED","47.06787646","-122.93819597","1","7c480c5c-f8b8-4543-a263-097471c463f6"
"3.216","1602111530632","CONVERGED","47.06787672","-122.93819572","1","7c480c5c-f8b8-4543-a263-097471c463f6"
"3.216","1602111531529","null","47.06787683","-122.93819558","1","null"
"3.216","1602111533551","null","47.06787647","-122.93818878","1","null"
"3.216","1602111534550","null","47.06787378","-122.93817957","1","null"
"3.216","1602111535545","NOT_CONVERGED","47.06787375","-122.93816844","1","00aed1b1-6d96-462a-8c10-c6dbb7a65e82"
"3.216","1602111536552","NOT_CONVERGED","47.06787285","-122.93815714","1","00aed1b1-6d96-462a-8c10-c6dbb7a65e82"
"3.216","1602111537558","NOT_CONVERGED","47.06786912","-122.93814986","1","00aed1b1-6d96-462a-8c10-c6dbb7a65e82"
"3.216","1602111538552","NOT_CONVERGED","47.06786837","-122.93815656","1","00aed1b1-6d96-462a-8c10-c6dbb7a65e82"
"3.216","1602111539535","CONVERGED","47.06787104","-122.93816174","1","00aed1b1-6d96-462a-8c10-c6dbb7a65e82"
"3.216","1602111540530","CONVERGED","47.0678724","-122.93816433","1","00aed1b1-6d96-462a-8c10-c6dbb7a65e82"
"3.216","1602111541531","CONVERGED","47.06787196","-122.93816397","1","00aed1b1-6d96-462a-8c10-c6dbb7a65e82"
"3.216","1602111542529","null","47.06787177","-122.93816379","1","null"
"3.216","1602111544906","null","47.06787393","-122.93815943","1","null"
"3.216","1602111545546","NOT_CONVERGED","47.06788044","-122.93815346","1","455faa72-68be-4f1d-ad69-4a9dda9074d6"
"3.216","1602111546545","NOT_CONVERGED","47.06789085","-122.9381533","1","455faa72-68be-4f1d-ad69-4a9dda9074d6"
"3.216","1602111547548","NOT_CONVERGED","47.06789957","-122.93815203","1","455faa72-68be-4f1d-ad69-4a9dda9074d6"
"3.216","1602111548536","NOT_CONVERGED","47.06790516","-122.93815585","1","455faa72-68be-4f1d-ad69-4a9dda9074d6"
"3.216","1602111549556","CONVERGED","47.06790526","-122.93815805","1","455faa72-68be-4f1d-ad69-4a9dda9074d6"
"3.216","1602111550620","CONVERGED","47.06790528","-122.93815824","1","455faa72-68be-4f1d-ad69-4a9dda9074d6"
"3.216","1602111551543","CONVERGED","47.06790528","-122.93815836","1","455faa72-68be-4f1d-ad69-4a9dda9074d6"
"3.216","1602111552538","null","47.06790529","-122.93815843","1","null"
"3.216","1602111554911","null","47.0679078","-122.93816133","1","null"
"3.216","1602111555541","null","47.06791353","-122.93816041","1","null"
"3.216","1602111556562","NOT_CONVERGED","47.06792302","-122.93816067","1","32bf5c75-452c-48bc-94ce-f5bade2ceeba"
"3.216","1602111557540","NOT_CONVERGED","47.06793258","-122.93816125","1","32bf5c75-452c-48bc-94ce-f5bade2ceeba"
"3.216","1602111558556","NOT_CONVERGED","47.06793828","-122.93815793","1","32bf5c75-452c-48bc-94ce-f5bade2ceeba"
"3.216","1602111559546","NOT_CONVERGED","47.06793652","-122.93815413","1","32bf5c75-452c-48bc-94ce-f5bade2ceeba"
"3.216","1602111560554","CONVERGED","47.06793467","-122.93815992","1","32bf5c75-452c-48bc-94ce-f5bade2ceeba"
"3.216","1602111561532","CONVERGED","47.06793521","-122.93816487","1","32bf5c75-452c-48bc-94ce-f5bade2ceeba"
"3.216","1602111562533","CONVERGED","47.06793499","-122.93816699","1","32bf5c75-452c-48bc-94ce-f5bade2ceeba"
"3.216","1602111563532","null","47.06793415","-122.93816751","1","null"
"3.216","1602111565677","null","47.06793705","-122.93817525","1","null"
"3.216","1602111566558","null","47.06794089","-122.93817987","1","null"
"3.216","1602111567536","NOT_CONVERGED","47.06795053","-122.93817879","1","8489d1b4-55d7-47d4-8860-5d0b616d82d7"
"3.216","1602111568555","NOT_CONVERGED","47.06796077","-122.93817604","1","8489d1b4-55d7-47d4-8860-5d0b616d82d7"
"3.216","1602111569556","NOT_CONVERGED","47.06796926","-122.93817067","1","8489d1b4-55d7-47d4-8860-5d0b616d82d7"
"3.216","1602111570550","NOT_CONVERGED","47.06797792","-122.93816538","1","8489d1b4-55d7-47d4-8860-5d0b616d82d7"
"3.216","1602111571551","NOT_CONVERGED","47.06798315","-122.93815889","1","8489d1b4-55d7-47d4-8860-5d0b616d82d7"
"3.216","1602111572546","CONVERGED","47.06798058","-122.93815676","1","8489d1b4-55d7-47d4-8860-5d0b616d82d7"
"3.216","1602111573659","CONVERGED","47.06798082","-122.93815906","1","8489d1b4-55d7-47d4-8860-5d0b616d82d7"
"3.216","1602111574535","CONVERGED","47.06797898","-122.93815927","1","8489d1b4-55d7-47d4-8860-5d0b616d82d7"
"3.216","1602111575543","null","47.06797871","-122.93815958","1","null"
"3.216","1602111576526","null","47.06797861","-122.93815974","1","null"
"3.216","1602111578436","null","47.06798067","-122.93815846","1","null"
"3.216","1602111578542","null","47.06798356","-122.93816528","1","null"
"3.216","1602111579555","null","47.06798866","-122.93817643","1","null"
"3.216","1602111580550","NOT_CONVERGED","47.06799721","-122.93818372","1","b5c3d7f8-b1b1-430a-b717-b66e4006f051"
"3.216","1602111581544","NOT_CONVERGED","47.06800461","-122.93818787","1","b5c3d7f8-b1b1-430a-b717-b66e4006f051"
"3.216","1602111582546","NOT_CONVERGED","47.06801001","-122.93818849","1","b5c3d7f8-b1b1-430a-b717-b66e4006f051"
"3.216","1602111583558","NOT_CONVERGED","47.06800963","-122.93818643","1","b5c3d7f8-b1b1-430a-b717-b66e4006f051"
"3.216","1602111584559","CONVERGED","47.06800812","-122.93818836","1","b5c3d7f8-b1b1-430a-b717-b66e4006f051"
"3.216","1602111585559","CONVERGED","47.06800738","-122.93818933","1","b5c3d7f8-b1b1-430a-b717-b66e4006f051"
"3.216","1602111586543","CONVERGED","47.06800757","-122.93818988","1","b5c3d7f8-b1b1-430a-b717-b66e4006f051"
"3.216","1602111587530","null","47.0680075","-122.93818841","1","null"
"3.216","1602111590292","null","47.06801061","-122.93818783","1","null"
"3.216","1602111590551","null","47.06801707","-122.93819384","1","null"
"3.216","1602111591557","null","47.06802465","-122.93820009","1","null"
"3.216","1602111592549","NOT_CONVERGED","47.06803178","-122.93820439","1","af2d7f15-4528-4337-a167-14006fe976f0"
"3.216","1602111593544","NOT_CONVERGED","47.06803588","-122.93820869","1","af2d7f15-4528-4337-a167-14006fe976f0"
"3.216","1602111594545","NOT_CONVERGED","47.0680314","-122.93820822","1","af2d7f15-4528-4337-a167-14006fe976f0"
"3.216","1602111595553","NOT_CONVERGED","47.06802586","-122.93820533","1","af2d7f15-4528-4337-a167-14006fe976f0"
"3.216","1602111596557","CONVERGED","47.06802322","-122.93820352","1","af2d7f15-4528-4337-a167-14006fe976f0"
"3.216","1602111597551","CONVERGED","47.06802274","-122.93820262","1","af2d7f15-4528-4337-a167-14006fe976f0"
"3.216","1602111598559","CONVERGED","47.06802265","-122.93820297","1","af2d7f15-4528-4337-a167-14006fe976f0"
"3.216","1602111599585","null","47.06802261","-122.93820315","1","null"
"3.216","1602111600541","null","47.06802389","-122.93820539","1","null"
"3.216","1602111602749","null","47.06802385","-122.93820528","1","null"
"3.216","1602111603550","null","47.06802489","-122.9382045","1","null"
"3.216","1602111604534","null","47.0680257","-122.93820457","1","null"
"3.216","1602111605543","null","47.0680261","-122.93820459","1","null"
"3.216","1602111606530","null","47.0680263","-122.93820457","1","null"
"3.216","1602111607537","null","47.06802637","-122.93820454","1","null"
"3.216","1602111608542","null","47.06802685","-122.93820421","1","null"
"3.216","1602111609495","null","47.06802627","-122.93820027","1","null"
"3.216","1602111610403","null","47.06802604","-122.93819796","1","null"
"3.216","1602111611412","null","47.06802627","-122.93819783","1","null"
"3.216","1602111612402","null","47.06802638","-122.93819773","1","null"
"3.216","1602111613407","null","47.06802587","-122.93819542","1","null"
"3.216","1602111614424","null","47.06802551","-122.93819353","1","null"
"3.216","1602111615424","null","47.06802545","-122.93819294","1","null"
"3.216","1602111616418","null","47.06802719","-122.93819266","1","null"
"3.216","1602111617411","null","47.06802814","-122.93819863","1","null"
"3.216","1602111618411","null","47.06802912","-122.93821311","1","null"
"3.216","1602111619424","null","47.06803042","-122.93823092","1","null"
"3.216","1602111620423","null","47.06803066","-122.93824628","1","null"
"3.216","1602111621405","null","47.06803176","-122.9382587","1","null"
"3.216","1602111622404","null","47.06803171","-122.93827113","1","null"
"3.216","1602111623425","null","47.06803151","-122.93828431","1","null"
"3.216","1602111624424","null","47.06803151","-122.93829711","1","null"
"3.216","1602111625424","null","47.06803155","-122.93830951","1","null"
"3.216","1602111626420","null","47.06803173","-122.93832167","1","null"
"3.216","1602111627405","null","47.06803187","-122.93833506","1","null"
"3.216","1602111628408","null","47.06803327","-122.93834709","1","null"
"3.216","1602111629410","null","47.06803272","-122.93835985","1","null"
"3.216","1602111630411","null","47.06802851","-122.93836973","1","null"
"3.216","1602111631426","null","47.06802382","-122.93837446","1","null"
"3.216","1602111632419","null","47.06802397","-122.93837553","1","null"
"3.216","1602111633409","null","47.06802623","-122.93837762","1","null"
"3.216","1602111634425","null","47.06802811","-122.9383772","1","null"
"3.216","1602111635410","null","47.06802893","-122.9383771","1","null"
"3.216","1602111636413","null","47.06802944","-122.93837677","1","null"
"3.216","1602111637408","null","47.0680297","-122.93837658","1","null"
"3.216","1602111638414","null","47.06802984","-122.93837647","1","null"
"3.216","1602111639418","null","47.06802991","-122.9383764","1","null"
"3.216","1602111640419","null","47.06803169","-122.93837566","1","null"
"3.216","1602111641423","null","47.06803274","-122.93837681","1","null"
"3.216","1602111642423","null","47.06803285","-122.93837776","1","null"
"3.216","1602111643423","null","47.06803288","-122.93837822","1","null"
"3.216","1602111644424","null","47.06803293","-122.93837843","1","null"
"3.216","1602111645409","null","47.06803295","-122.93837855","1","null"
"3.216","1602111646419","null","47.06803295","-122.93837862","1","null"
"3.216","1602111647427","null","47.06803293","-122.93837868","1","null"
"3.216","1602111648410","null","47.06803291","-122.93837872","1","null"
"3.216","1602111649420","null","47.06803288","-122.93837875","1","null"
"3.216","1602111650432","null","47.06803289","-122.93837876","1","null"
"3.216","1602111651415","null","47.0680329","-122.93837874","1","null"
"3.216","1602111652424","null","47.06803293","-122.93837872","1","null"
"3.216","1602111653424","null","47.06803296","-122.93837866","1","null"
"3.216","1602111654418","null","47.06803299","-122.93837858","1","null"
"3.216","1602111655426","null","47.068033","-122.93837851","1","null"
"3.216","1602111656410","null","47.068033","-122.93837846","1","null"
"3.216","1602111657401","null","47.06803299","-122.93837842","1","null"
